Day	Month	Year	Tmin(C)	Tmax(C)	Prcp(mm)	Et0(mm)
1	5	2023	11.76	11.76	21.5	1.64
2	5	2023	10.8	10.8	0.0	3.14
3	5	2023	7.53	7.53	0.0	4.75
4	5	2023	9.33	9.33	0.0	4.5
5	5	2023	16.58	16.58	1.7	3.16
6	5	2023	14.68	14.68	0.0	4.04
7	5	2023	15.23	15.23	9.0	1.73
8	5	2023	14.05	14.05	1.8	2.56
9	5	2023	15.12	15.12	5.8	2.43
10	5	2023	11.17	11.17	0.2	3.26
11	5	2023	9.86	9.86	1.0	2.38
12	5	2023	11.32	11.32	0.1	2.8
13	5	2023	11.24	11.24	0.4	2.5
14	5	2023	11.78	11.78	0.4	2.54
15	5	2023	13.7	13.7	1.2	2.91
16	5	2023	10.96	10.96	3.8	1.79
17	5	2023	3.81	3.81	0.0	3.27
18	5	2023	2.9	2.9	0.0	3.92
19	5	2023	8.6	8.6	0.4	3.52
20	5	2023	11.73	11.73	0.3	3.87
21	5	2023	15.8	15.8	0.0	4.82
22	5	2023	18.34	18.34	0.3	3.62
23	5	2023	16.79	16.79	0.4	2.62
24	5	2023	10.16	10.16	1.9	2.79
25	5	2023	7.84	7.84	1.5	4.76
26	5	2023	10.42	10.42	0.0	4.77
27	5	2023	10.45	10.45	0.0	5.14
28	5	2023	13.62	13.62	0.0	5.41
29	5	2023	13.45	13.45	0.0	5.76
30	5	2023	11.06	11.06	0.0	4.95
31	5	2023	9.76	9.76	0.0	5.64
1	6	2023	14.31	14.31	0.0	4.95
2	6	2023	13.08	13.08	0.0	5.43
3	6	2023	13.69	13.69	0.2	5.16
4	6	2023	17.58	17.58	0.0	4.79
5	6	2023	15.7	15.7	0.0	4.59
6	6	2023	16.38	16.38	0.0	5.68
7	6	2023	15.06	15.06	0.0	5.54
8	6	2023	16.99	16.99	0.2	4.73
9	6	2023	17.63	17.63	0.0	6.1
10	6	2023	18.32	18.32	0.2	5.2
11	6	2023	19.04	19.04	0.0	4.77
12	6	2023	17.44	17.44	0.0	6.38
13	6	2023	15.62	15.62	0.0	6.47
14	6	2023	13.5	13.5	0.0	5.91
15	6	2023	15.0	15.0	0.0	5.46
16	6	2023	17.12	17.12	0.0	5.66
17	6	2023	18.63	18.63	0.0	5.92
18	6	2023	20.87	20.87	0.8	5.31
19	6	2023	21.4	21.4	0.4	5.92
20	6	2023	23.0	23.0	1.0	5.94
21	6	2023	21.68	21.68	0.2	4.49
22	6	2023	20.69	20.69	2.8	5.24
23	6	2023	16.77	16.77	0.0	6.14
24	6	2023	17.54	17.54	0.0	6.85
25	6	2023	17.04	17.04	0.0	6.11
26	6	2023	22.89	22.89	0.0	6.72
27	6	2023	17.43	17.43	0.0	5.85
28	6	2023	17.09	17.09	0.0	5.85
29	6	2023	19.34	19.34	1.9	5.2
30	6	2023	18.72	18.72	8.7	2.81
1	7	2023	17.02	17.02	0.0	3.84
2	7	2023	17.82	17.82	0.0	5.47
3	7	2023	19.75	19.75	0.1	6.13
4	7	2023	19.01	19.01	0.2	4.48
5	7	2023	18.3	18.3	1.9	5.2
6	7	2023	15.03	15.03	0.0	5.6
7	7	2023	18.84	18.84	0.0	6.92
8	7	2023	20.88	20.88	0.0	6.84
9	7	2023	25.15	25.15	0.0	7.25
10	7	2023	24.61	24.61	0.0	6.58
11	7	2023	25.27	25.27	6.7	6.91
12	7	2023	23.99	23.99	3.1	4.27
13	7	2023	18.24	18.24	0.3	5.77
14	7	2023	19.08	19.08	0.0	6.43
15	7	2023	23.85	23.85	0.0	7.51
16	7	2023	18.54	18.54	0.4	4.79
17	7	2023	21.26	21.26	0.0	5.97
18	7	2023	18.94	18.94	0.2	5.73
19	7	2023	24.95	24.95	0.0	7.31
20	7	2023	19.1	19.1	0.0	5.77
21	7	2023	21.8	21.8	1.9	3.75
22	7	2023	18.42	18.42	0.0	6.28
23	7	2023	20.0	20.0	0.0	5.43
24	7	2023	20.32	20.32	6.7	2.48
25	7	2023	13.17	13.17	3.6	3.62
26	7	2023	12.72	12.72	3.1	3.32
27	7	2023	16.66	16.66	0.0	5.6
28	7	2023	21.07	21.07	0.1	3.74
29	7	2023	20.53	20.53	3.3	2.51
30	7	2023	19.68	19.68	0.4	5.29
31	7	2023	18.12	18.12	0.0	5.0
1	8	2023	17.53	17.53	7.8	4.12
2	8	2023	19.27	19.27	1.2	5.46
3	8	2023	17.66	17.66	0.0	5.47
4	8	2023	15.34	15.34	6.5	1.61
5	8	2023	14.06	14.06	0.0	4.45
6	8	2023	14.4	14.4	1.4	3.45
7	8	2023	12.95	12.95	0.7	3.44
8	8	2023	14.95	14.95	0.0	5.17
9	8	2023	21.33	21.33	0.0	4.31
10	8	2023	18.73	18.73	0.0	4.95
11	8	2023	20.41	20.41	0.0	4.91
12	8	2023	25.3	25.3	0.1	5.2
13	8	2023	22.44	22.44	0.1	4.42
14	8	2023	23.14	23.14	0.0	5.39
15	8	2023	24.1	24.1	0.0	5.72
16	8	2023	23.33	23.33	0.2	4.87
17	8	2023	22.25	22.25	0.0	4.45
18	8	2023	23.18	23.18	0.0	6.33
19	8	2023	24.52	24.52	0.0	5.97
20	8	2023	25.93	25.93	0.0	5.53
21	8	2023	24.43	24.43	0.0	5.1
22	8	2023	24.83	24.83	0.0	5.01
23	8	2023	22.03	22.03	0.0	5.29
24	8	2023	23.01	23.01	1.2	5.82
25	8	2023	25.0	25.0	2.0	4.72
26	8	2023	18.03	18.03	3.4	2.66
27	8	2023	14.92	14.92	11.5	1.69
28	8	2023	13.16	13.16	6.3	1.5
29	8	2023	12.5	12.5	3.1	2.18
30	8	2023	14.79	14.79	0.0	3.26
31	8	2023	16.44	16.44	0.0	3.39
1	9	2023	18.38	18.38	0.0	4.4
2	9	2023	18.32	18.32	0.0	4.55
3	9	2023	19.98	19.98	0.0	4.13
4	9	2023	16.48	16.48	0.0	5.38
5	9	2023	17.36	17.36	0.0	5.33
6	9	2023	17.14	17.14	0.0	4.47
7	9	2023	18.65	18.65	0.0	4.15
8	9	2023	22.17	22.17	0.0	4.03
9	9	2023	23.11	23.11	0.0	4.09
10	9	2023	22.5	22.5	0.0	4.17
11	9	2023	21.68	21.68	0.0	4.49
